7 9 5 3 4 2 6 8 1 
3 4 2 6 8 1 5 7 9 
6 8 1 7 9 5 3 4 2 
5 7 9 2 3 4 1 6 8 
2 3 4 1 6 8 9 5 7 
1 6 8 5 7 9 2 3 4 
9 5 7 4 2 3 8 1 6 
4 2 3 8 1 6 7 9 5 
8 1 6 9 5 7 4 2 3 

7 9 5 3 4 2 6 8 1 
3 4 2 6 8 1 5 9 7 
6 8 1 7 9 5 3 4 2 
5 7 9 2 3 4 1 6 8 
2 3 4 1 6 8 7 5 9 
1 6 8 5 7 9 2 3 4 
9 5 7 4 2 3 8 1 6 
4 2 3 8 1 6 9 7 5 
8 1 6 9 5 7 4 2 3 

7 9 5 3 4 2 6 8 1 
3 4 2 6 8 1 7 5 9 
6 8 1 7 9 5 3 4 2 
5 7 9 2 3 4 1 6 8 
2 3 4 1 6 8 9 7 5 
1 6 8 5 7 9 2 3 4 
9 5 7 4 2 3 8 1 6 
4 2 3 8 1 6 5 9 7 
8 1 6 9 5 7 4 2 3 

